20111001-001	4,9,1,2,9
20111001-002	4,1,7,9,2
20111001-003	1,5,0,6,7
20111001-004	2,6,2,5,0
20111001-005	7,1,1,2,3
20111001-006	4,8,8,8,7
20111001-007	2,6,2,2,3
20111001-008	7,7,6,3,6
20111001-009	0,9,1,2,8
20111001-010	4,5,2,8,0
20111001-011	7,4,1,9,8
20111001-012	5,1,5,4,7
20111001-013	4,1,0,5,1
20111001-014	8,7,8,0,8
20111001-015	2,9,4,1,2
20111001-016	6,9,2,6,5
20111001-017	1,9,8,1,9
20111001-018	0,1,3,7,5
20111001-019	1,0,2,2,3
20111001-020	5,8,7,8,6
20111001-021	6,0,9,1,2
20111001-022	8,8,9,8,9
20111001-023	2,1,0,8,9
20111001-024	9,2,0,3,6
20111001-025	6,4,0,9,2
20111001-026	8,3,6,9,0
20111001-027	7,9,1,8,5
20111001-028	7,9,3,6,5
20111001-029	3,0,9,0,8
20111001-030	0,4,6,9,0
20111001-031	3,5,8,9,3
20111001-032	6,0,6,8,1
20111001-033	1,7,5,9,2
20111001-034	5,3,5,7,5
20111001-035	9,6,2,2,0
20111001-036	1,2,7,6,1
20111001-037	2,9,5,4,1
20111001-038	5,2,2,7,6
20111001-039	6,4,4,9,7
20111001-040	1,4,2,5,2
20111001-041	9,9,0,4,0
20111001-042	8,6,8,6,1
20111001-043	9,8,4,2,6
20111001-044	3,9,1,4,4
20111001-045	1,0,6,4,2
20111001-046	4,5,8,3,7
20111001-047	7,7,8,9,6
20111001-048	0,0,7,6,4
20111001-049	1,4,4,3,3
20111001-050	2,5,4,1,9
20111001-051	5,9,7,5,0
20111001-052	6,5,7,2,5
20111001-053	6,2,4,6,7
20111001-054	7,1,4,1,6
20111001-055	2,9,1,3,4
20111001-056	6,7,2,3,7
20111001-057	2,7,6,3,2
20111001-058	7,4,5,1,6
20111001-059	8,6,7,1,9
20111001-060	1,9,9,1,0
20111001-061	2,9,3,3,1
20111001-062	6,1,9,7,1
20111001-063	6,2,4,6,9
20111001-064	6,9,1,3,7
20111001-065	1,0,5,0,5
20111001-066	3,0,6,5,8
20111001-067	0,5,0,5,0
20111001-068	0,2,3,1,0
20111001-069	8,5,6,6,8
20111001-070	2,4,1,7,0
20111001-071	6,2,3,7,9
20111001-072	0,9,2,9,2
20111001-073	0,1,4,2,5
20111001-074	6,6,5,6,6
20111001-075	1,9,4,2,5
20111001-076	9,0,2,6,1
20111001-077	3,7,7,7,2
20111001-078	4,0,9,5,1
20111001-079	7,6,1,8,1
20111001-080	4,0,3,9,1
20111001-081	7,6,4,2,4
20111001-082	2,2,0,9,4
20111001-083	1,7,3,8,5
20111001-084	6,0,8,8,4
20111001-085	8,7,3,0,2
20111001-086	7,8,6,7,4
20111001-087	5,5,9,6,4
20111001-088	7,5,4,8,2
20111001-089	8,1,6,6,2
20111001-090	8,5,2,2,5
20111001-091	6,6,3,7,9
20111001-092	1,2,8,8,6
20111001-093	5,1,9,4,6
20111001-094	9,2,7,2,7
20111001-095	7,1,0,1,6
20111001-096	4,8,1,8,6
20111001-097	4,2,5,4,8
20111001-098	6,2,5,1,2
20111001-099	8,5,6,3,3
20111001-100	1,9,0,1,0
20111001-101	4,9,6,9,0
20111001-102	8,5,2,0,2
20111001-103	8,4,0,5,2
20111001-104	7,8,2,2,3
20111001-105	0,7,8,3,9
20111001-106	8,9,7,3,5
20111001-107	9,2,3,1,6
20111001-108	2,7,5,2,6
20111001-109	7,1,7,4,2
20111001-110	4,8,5,5,7
20111001-111	6,9,5,2,7
20111001-112	6,3,9,3,6
20111001-113	2,6,3,4,5
20111001-114	7,4,6,8,5
20111001-115	5,1,5,7,9
20111001-116	8,8,2,1,8
20111001-117	8,8,1,0,6
20111001-118	3,7,1,1,2
20111001-119	6,4,6,5,5
20111001-120	2,4,3,6,2
20111002-001	2,4,3,6,2
