20100304-001	9,1,6,6,1
20100304-002	5,7,0,5,9
20100304-003	6,5,7,0,7
20100304-004	9,6,5,5,7
20100304-005	3,4,1,3,1
20100304-006	5,2,0,4,6
20100304-007	0,7,6,1,4
20100304-008	4,1,2,5,1
20100304-009	8,0,5,3,4
20100304-010	4,4,2,5,4
20100304-011	3,5,0,5,2
20100304-012	3,9,6,2,2
20100304-013	6,6,5,1,9
20100304-014	5,0,1,7,4
20100304-015	9,6,5,8,1
20100304-016	6,8,1,4,0
20100304-017	5,7,3,8,6
20100304-018	5,4,2,1,9
20100304-019	4,3,9,4,0
20100304-020	0,4,4,5,0
20100304-021	5,2,0,6,8
20100304-022	0,1,6,5,4
20100304-023	6,3,5,5,4
20100304-024	4,7,5,6,3
20100304-025	0,7,0,6,7
20100304-026	5,2,5,5,1
20100304-027	5,4,0,5,9
20100304-028	6,1,4,7,8
20100304-029	6,6,6,5,0
20100304-030	2,5,0,0,2
20100304-031	6,9,9,2,2
20100304-032	9,9,9,2,3
20100304-033	0,3,6,7,8
20100304-034	3,2,9,0,5
20100304-035	9,1,1,8,6
20100304-036	8,6,0,7,1
20100304-037	6,6,3,1,7
20100304-038	8,9,9,3,9
20100304-039	9,5,0,4,7
20100304-040	6,4,4,3,2
20100304-041	2,6,7,1,1
20100304-042	1,9,4,1,8
20100304-043	3,3,5,4,4
20100304-044	8,4,7,5,2
20100304-045	8,8,8,2,6
20100304-046	5,5,0,3,7
20100304-047	7,7,6,1,7
20100304-048	8,0,3,5,4
20100304-049	1,4,3,8,3
20100304-050	9,9,1,9,1
20100304-051	4,1,4,6,1
20100304-052	6,3,2,2,0
20100304-053	4,0,5,3,9
20100304-054	8,9,3,2,3
20100304-055	0,3,1,2,6
20100304-056	9,4,7,1,5
20100304-057	4,0,8,3,0
20100304-058	4,4,8,7,9
20100304-059	4,7,0,8,1
20100304-060	9,5,2,3,8
20100304-061	5,4,1,4,1
20100304-062	7,8,6,0,3
20100304-063	7,1,3,3,6
20100304-064	5,5,9,8,0
20100304-065	7,3,2,5,7
20100304-066	7,1,2,5,7
20100304-067	0,0,9,1,5
20100304-068	6,7,0,8,2
20100304-069	4,3,0,3,8
20100304-070	3,7,3,8,1
20100304-071	4,0,8,5,9
20100304-072	2,0,0,1,9
20100304-073	1,9,3,1,6
20100304-074	3,3,9,8,0
20100304-075	8,1,2,1,3
20100304-076	0,7,1,5,8
20100304-077	7,9,3,3,7
20100304-078	0,9,4,6,5
20100304-079	3,7,9,7,4
20100304-080	8,8,8,2,9
20100304-081	5,5,5,1,0
20100304-082	0,7,7,9,7
20100304-083	3,9,3,3,8
20100304-084	1,0,8,9,0
20100304-085	2,3,8,6,7
20100304-086	3,6,8,5,3
20100304-087	1,0,7,4,6
20100304-088	9,7,3,7,8
20100304-089	1,8,9,7,2
20100304-090	0,9,4,6,5
20100304-091	0,4,2,4,6
20100304-092	0,2,2,1,6
20100304-093	7,4,8,0,8
20100304-094	1,3,2,4,9
20100304-095	7,9,9,7,8
20100304-096	9,1,2,2,0
20100304-097	7,6,3,1,5
20100304-098	7,9,0,4,9
20100304-099	1,1,1,5,6
20100304-100	4,7,7,8,7
20100304-101	3,4,2,9,6
20100304-102	2,7,2,5,9
20100304-103	3,0,5,1,3
20100304-104	1,2,5,8,8
20100304-105	7,7,6,9,2
20100304-106	1,2,6,1,6
20100304-107	9,3,4,3,9
20100304-108	9,6,8,4,5
20100304-109	8,6,1,4,5
20100304-110	9,7,5,3,3
20100304-111	6,5,8,0,5
20100304-112	6,1,1,5,3
20100304-113	9,0,6,1,6
20100304-114	5,7,3,7,8
20100304-115	6,1,6,7,1
20100304-116	5,3,5,0,1
20100304-117	2,4,8,9,9
20100304-118	4,0,0,2,7
20100304-119	4,2,3,7,0
20100304-120	3,9,8,0,8
20100305-001	9,7,5,9,7
